(13791, 16, 18)
<class 'numpy.ndarray'>
torch.Size([13791, 16, 18])
tensor([[[ 0.0000,  0.0000,  0.0000,  ...,  0.0000,  0.0000,  0.0000],
         [ 0.0000,  0.0000,  0.0000,  ...,  0.0000,  0.0000,  0.0000],
         [ 0.0000,  0.0000,  0.0000,  ...,  0.0000,  0.0000,  0.0000],
         ...,
         [ 0.0000,  0.0000,  0.0000,  ...,  0.0000,  0.0000,  0.0000],
         [ 0.0000,  0.0000,  0.0000,  ...,  0.0000,  0.0000,  0.0000],
         [-0.0094, -0.0131, -0.0013,  ..., -0.0003,  0.0059, -0.0017]],

        [[ 0.0000,  0.0000,  0.0000,  ...,  0.0000,  0.0000,  0.0000],
         [ 0.0000,  0.0000,  0.0000,  ...,  0.0000,  0.0000,  0.0000],
         [ 0.0000,  0.0000,  0.0000,  ...,  0.0000,  0.0000,  0.0000],
         ...,
         [ 0.0000,  0.0000,  0.0000,  ...,  0.0000,  0.0000,  0.0000],
         [-0.0094, -0.0131, -0.0013,  ..., -0.0003,  0.0059, -0.0017],
         [-0.0155, -0.0216, -0.0168,  ...,  0.0059, -0.0236, -0.0066]],

        [[ 0.0000,  0.0000,  0.0000,  ...,  0.0000,  0.0000,  0.0000],
         [ 0.0000,  0.0000,  0.0000,  ...,  0.0000,  0.0000,  0.0000],
         [ 0.0000,  0.0000,  0.0000,  ...,  0.0000,  0.0000,  0.0000],
         ...,
         [-0.0094, -0.0131, -0.0013,  ..., -0.0003,  0.0059, -0.0017],
         [-0.0155, -0.0216, -0.0168,  ...,  0.0059, -0.0237, -0.0066],
         [ 0.0032, -0.0025, -0.0056,  ...,  0.0116, -0.0024, -0.0077]],

        ...,

        [[ 0.0000,  0.0000,  0.0000,  ...,  0.0000,  0.0000,  0.0000],
         [ 0.0000,  0.0000,  0.0000,  ...,  0.0000,  0.0000,  0.0000],
         [ 0.0000,  0.0000,  0.0000,  ...,  0.0000,  0.0000,  0.0000],
         ...,
         [ 0.0000,  0.0000,  0.0000,  ...,  0.0000,  0.0000,  0.0000],
         [-0.0086, -0.0111, -0.0012,  ..., -0.0009,  0.0053, -0.0024],
         [ 0.0066, -0.0074,  0.0008,  ...,  0.0095, -0.0021, -0.0195]],

        [[ 0.0000,  0.0000,  0.0000,  ...,  0.0000,  0.0000,  0.0000],
         [ 0.0000,  0.0000,  0.0000,  ...,  0.0000,  0.0000,  0.0000],
         [ 0.0000,  0.0000,  0.0000,  ...,  0.0000,  0.0000,  0.0000],
         ...,
         [-0.0086, -0.0111, -0.0012,  ..., -0.0009,  0.0053, -0.0024],
         [ 0.0066, -0.0074,  0.0008,  ...,  0.0095, -0.0021, -0.0195],
         [-0.0084,  0.0049, -0.0012,  ..., -0.0076,  0.0016,  0.0053]],

        [[ 0.0000,  0.0000,  0.0000,  ...,  0.0000,  0.0000,  0.0000],
         [ 0.0000,  0.0000,  0.0000,  ...,  0.0000,  0.0000,  0.0000],
         [ 0.0000,  0.0000,  0.0000,  ...,  0.0000,  0.0000,  0.0000],
         ...,
         [ 0.0066, -0.0074,  0.0008,  ...,  0.0095, -0.0021, -0.0195],
         [-0.0084,  0.0049, -0.0012,  ..., -0.0076,  0.0016,  0.0053],
         [-0.1154, -0.1036, -0.0578,  ..., -0.0294, -0.1137,  0.0278]]],
       device='cuda:0', grad_fn=<UnsafeViewBackward0>)
Mamba(
  (in_proj): Linear(in_features=18, out_features=72, bias=False)
  (conv1d): Conv1d(36, 36, kernel_size=(4,), stride=(1,), padding=(3,), groups=36)
  (act): SiLU()
  (x_proj): Linear(in_features=36, out_features=34, bias=False)
  (dt_proj): Linear(in_features=2, out_features=36, bias=True)
  (out_proj): Linear(in_features=36, out_features=18, bias=False)
)
